4.1549008803
4.4120964856
4.0252187775
4.1672715953
4.0372592600
4.0463928412
3.9732163995
3.9272571945
3.9483686837
3.9351850556
3.9656112969
3.9702091023
3.9663710621
3.9714953273
3.9606788896
3.9640532333
4.0268882800
3.9654343577
4.0276703896
3.9773873473
4.5595541772
4.4537947430
3.9459195251
3.8912390490
3.9523445140
3.9679934697
3.9690516946
3.9674092618
3.9093788160
3.9195639903
4.7813617528
4.6294505378
4.0538018929
3.8019719915
4.1027166336
3.9740935951
3.9034851643
3.8182561137
3.9617896936
3.9807399037
3.9493706551
3.9756244836
3.9647147693
3.9487007454
3.9690536485
3.9704881916
3.8546315818
3.8768086608
4.0794946126
4.0733070872
1.1074356899
1.0059089293
1.1287667577
1.0369036320
1.0356501823
1.0439418277
1.0297019089
1.0259106999
1.0228496662
1.0226300437
1.0564744914
1.0958896798
1.1652562634
1.1355125169
1.0972048211
0.9961402486
0.7327171670
0.8186035555
0.5685165477
0.4742693459
0.9245432465
0.9310447372
1.0529210436
1.0403684059
1.0248251265
1.0595828988
1.1239518965
1.0550486220
0.6909053641
0.5284705046
0.8468148728
0.8451338055
1.1803107947
1.2242370811
1.0296797849
1.0279542942
1.0769520595
1.0470860754
1.0019898831
1.0528489273
0.9982458603
1.0444352814
1.2364933215
1.1175562133
1.1597026590
1.0372876778
0.7011594260
0.4283830485
0.7760346789
0.5066710194
